DBN,Year,Number Tested,Level 1 %,Level 2 %,Level 3 %,Level 4 %,Level 3+4 %
01M015,2006,158,27.8,31.6,36.1,4.4,40.5
01M015,2007,121,13.2,33.1,45.5,8.3,53.7
01M015,2008,114,7,28.1,57.9,7,64.9
01M015,2009,111,5.4,29.7,55.9,9,64.9
01M015,2010,90,21.1,47.8,26.7,4.4,31.1
01M015,2011,81,22.2,43.2,32.1,2.5,34.6
01M019,2006,239,13,25.9,46.9,14.2,61.1
01M019,2007,146,9.6,16.4,53.4,20.5,74
01M019,2008,164,5.5,17.1,61.6,15.9,77.4
01M019,2009,132,3,4.5,57.6,34.8,92.4
01M019,2010,115,4.3,35.7,43.5,16.5,60
01M019,2011,112,3.6,41.1,42.9,12.5,55.4
01M020,2006,445,5.2,16.6,58.7,19.6,78.2
01M020,2007,305,3,15.1,62,20,82
01M020,2008,273,2.6,8.8,71.8,16.8,88.6
01M020,2009,263,2.3,5.3,70.3,22.1,92.4
01M020,2010,264,7.6,34.1,38.6,19.7,58.3
01M020,2011,258,7.4,33.7,42.2,16.7,58.9
01M034,2006,299,20.4,39.5,36.1,4,40.1
01M034,2007,281,17.1,32,44.8,6,50.9
01M034,2008,290,6.9,29,56.2,7.9,64.1
01M034,2009,295,7.5,21,60,11.5,71.5
01M034,2010,270,13,46.7,25.9,14.4,40.4
01M034,2011,246,10.2,34.1,42.3,13.4,55.7
01M063,2006,124,8.1,22.6,56.5,12.9,69.4
01M063,2007,98,6.1,14.3,65.3,14.3,79.6
01M063,2008,87,2.3,24.1,63.2,10.3,73.6
01M063,2009,104,4.8,12.5,69.2,13.5,82.7
01M063,2010,86,10.5,20.9,45.3,23.3,68.6
01M063,2011,77,5.2,33.8,31.2,29.9,61
01M064,2006,183,13.7,29,51.9,5.5,57.4
01M064,2007,132,2.3,21.2,68.2,8.3,76.5
01M064,2008,122,0.8,11.5,75.4,12.3,87.7
01M064,2009,123,0.8,7.3,75.6,16.3,91.9
01M064,2010,127,7.1,46.5,36.2,10.2,46.5
01M064,2011,129,13.2,45.7,34.1,7,41.1
01M110,2006,376,4.8,18.9,53.5,22.9,76.3
01M110,2007,199,1.5,12.6,56.8,29.1,85.9
01M110,2008,208,1.4,11.5,58.2,28.8,87
01M110,2009,195,1.5,9.2,52.3,36.9,89.2
01M110,2010,215,7,23.7,31.2,38.1,69.3
01M110,2011,195,2.1,24.1,37.9,35.9,73.8
01M134,2006,193,11.4,29,50.3,9.3,59.6
01M134,2007,134,4.5,15.7,55.2,24.6,79.9
01M134,2008,152,2,12.5,65.1,20.4,85.5
01M134,2009,169,2.4,10.1,56.2,31.4,87.6
01M134,2010,169,7.1,39.6,32,21.3,53.3
01M134,2011,156,7.1,34.6,47.4,10.9,58.3
01M137,2006,214,18.7,34.1,36.9,10.3,47.2
01M137,2007,121,8.3,28.1,52.1,11.6,63.6
01M137,2008,96,4.2,19.8,71.9,4.2,76
01M137,2009,83,1.2,21.7,57.8,19.3,77.1
01M137,2010,77,7.8,48.1,31.2,13,44.2
01M137,2011,89,15.7,39.3,33.7,11.2,44.9
01M140,2006,361,20.8,42.9,33,3.3,36.3
01M140,2007,333,12.6,30,51.7,5.7,57.4
01M140,2008,294,7.8,23.5,57.5,11.2,68.7
01M140,2009,294,5.4,19.4,63.3,11.9,75.2
01M140,2010,276,12.7,43.5,35.1,8.7,43.8
01M140,2011,262,10.3,51.5,32.4,5.7,38.2
01M142,2006,276,13.8,31.2,50.7,4.3,55.1
01M142,2007,176,9.7,28.4,54.5,7.4,61.9
01M142,2008,187,5.9,19.8,64.7,9.6,74.3
01M142,2009,192,1.6,12,66.7,19.8,86.5
01M142,2010,184,7.1,44.6,42.9,5.4,48.4
01M142,2011,186,6.5,42.5,43.5,7.5,51.1
01M184,2006,253,0,1.2,27.7,71.1,98.8
01M184,2007,304,0,1.3,29.6,69.1,98.7
01M184,2008,319,0,0.3,19.1,80.6,99.7
01M184,2009,331,0,0,15.4,84.6,100
01M184,2010,345,0,2.3,25.5,72.2,97.7
01M184,2011,350,0,1.4,16.6,82,98.6
01M188,2006,300,23.3,47.7,26.7,2.3,29
01M188,2007,271,9.2,31.4,52.8,6.6,59.4
01M188,2008,260,6.5,21.9,62.7,8.8,71.5
01M188,2009,250,1.2,21.2,66,11.6,77.6
01M188,2010,258,17.1,54.7,22.1,6.2,28.3
01M188,2011,249,12.9,41,32.9,13.3,46.2
01M292,2006,146,23.3,47.9,26.7,2.1,28.8
01M292,2007,189,12.2,47.6,35.4,4.8,40.2
01M292,2008,175,8,37.1,49.7,5.1,54.9
01M292,2009,148,7.4,27,60.8,4.7,65.5
01M292,2010,162,24.7,54.9,17.3,3.1,20.4
01M292,2011,116,27.6,50,15.5,6.9,22.4
01M301,2006,92,17.4,46.7,31.5,4.3,35.9
01M301,2007,187,13.9,46,38,2.1,40.1
01M301,2008,186,9.7,40.3,43.5,6.5,50
01M301,2009,212,4.7,29.2,60.8,5.2,66
01M301,2010,200,23,46.5,25.5,5,30.5
01M301,2011,165,15.2,49.1,29.7,6.1,35.8
01M315,2006,88,14.8,36.4,44.3,4.5,48.9
01M315,2007,65,6.2,24.6,63.1,6.2,69.2
01M315,2008,65,0,24.6,58.5,16.9,75.4
01M315,2009,48,2.1,6.3,77.1,14.6,91.7
01M315,2010,51,7.8,23.5,49,19.6,68.6
01M315,2011,59,1.7,22,45.8,30.5,76.3
01M332,2006,159,23.3,50.3,24.5,1.9,26.4
01M332,2007,243,23.9,45.7,27.2,3.3,30.5
01M332,2008,270,14.1,35.2,43,7.8,50.7
01M332,2009,228,4.4,32.5,55.7,7.5,63.2
01M332,2010,159,31.4,44,18.9,5.7,24.5
01M332,2011,103,22.3,55.3,22.3,0,22.3
01M345,2007,266,5.6,21.1,55.3,18,73.3
01M345,2008,265,1.9,18.5,62.3,17.4,79.6
01M345,2009,273,4,16.5,64.1,15.4,79.5
01M345,2010,235,10.2,42.6,34,13.2,47.2
01M345,2011,238,14.7,37.4,36.1,11.8,47.9
01M361,2006,144,11.8,19.4,55.6,13.2,68.8
01M361,2007,101,11.9,15.8,59.4,12.9,72.3
01M361,2008,94,7.4,7.4,55.3,29.8,85.1
01M361,2009,97,5.2,11.3,59.8,23.7,83.5
01M361,2010,88,13.6,31.8,29.5,25,54.5
01M361,2011,84,11.9,32.1,38.1,17.9,56
01M363,2006,141,7.1,24.8,55.3,12.8,68.1
01M363,2007,105,4.8,17.1,61.9,16.2,78.1
01M363,2008,118,7.6,13.6,61.9,16.9,78.8
01M363,2009,128,6.3,7,69.5,17.2,86.7
01M363,2010,130,4.6,39.2,40,16.2,56.2
01M363,2011,134,1.5,32.8,47.8,17.9,65.7
01M364,2006,121,7.4,24,57,11.6,68.6
01M364,2007,119,5.9,16.8,64.7,12.6,77.3
01M364,2008,133,2.3,14.3,57.9,25.6,83.5
01M364,2009,138,2.2,9.4,66.7,21.7,88.4
01M364,2010,143,7.7,39.9,33.6,18.9,52.4
01M364,2011,136,5.9,30.1,43.4,20.6,64
01M378,2009,66,9.1,24.2,59.1,7.6,66.7
01M378,2010,143,7,37.8,34.3,21,55.2
01M378,2011,223,4,35.4,38.6,22,60.5
01M450,2006,180,11.1,54.4,33.9,0.6,34.4
01M450,2007,199,10.6,44.7,41.7,3,44.7
01M450,2008,204,3.9,27.5,61.8,6.9,68.6
01M450,2009,181,1.1,10.5,72.9,15.5,88.4
01M450,2010,187,3.2,36.4,38.5,21.9,60.4
01M450,2011,180,5.6,28.9,43.3,22.2,65.6
01M539,2006,330,0,0,29.7,70.3,100
01M539,2007,391,0,0.5,26.1,73.4,99.5
01M539,2008,426,0,0.2,17.8,81.9,99.8
01M539,2009,533,0,0.4,13.1,86.5,99.6
01M539,2010,626,0.2,2.1,16.3,81.5,97.8
01M539,2011,676,0,1.3,14.6,84,98.7
01M839,2006,217,7.8,31.3,54.8,6,60.8
01M839,2007,320,3.4,16.6,61.3,18.8,80
01M839,2008,341,1.5,9.1,56,33.4,89.4
01M839,2009,349,2.9,8,54.7,34.4,89.1
01M839,2010,353,3.7,21.5,42.2,32.6,74.8
01M839,2011,356,3.9,25.8,40.4,29.8,70.2
02M001,2006,290,6.9,11.4,47.2,34.5,81.7
02M001,2007,273,2.6,7.3,47.6,42.5,90.1
02M001,2008,230,3,4.3,45.2,47.4,92.6
02M001,2009,244,2.9,3.7,39.3,54.1,93.4
02M001,2010,230,5.2,16.1,40.9,37.8,78.7
02M001,2011,226,4.9,19.9,36.7,38.5,75.2
02M002,2006,347,5.2,10.4,46.7,37.8,84.4
02M002,2007,321,3.7,3.4,53.6,39.3,92.8
02M002,2008,327,2.4,4,45.3,48.3,93.6
02M002,2009,362,0.8,5.2,41.7,52.2,93.9
02M002,2010,391,3.3,14.6,37.1,45,82.1
02M002,2011,410,2.7,12.9,38.5,45.9,84.4
02M003,2006,259,3.5,12,52.1,32.4,84.6
02M003,2007,213,0.9,6.1,53.5,39.4,93
02M003,2008,225,0.4,5.8,46.7,47.1,93.8
02M003,2009,259,0.4,3.5,46.3,49.8,96.1
02M003,2010,250,2.8,16.4,46.8,34,80.8
02M003,2011,282,2.5,11.7,56.7,29.1,85.8
02M006,2006,426,3.5,4.2,44.1,48.1,92.3
02M006,2007,405,1,4.9,37.3,56.8,94.1
02M006,2008,381,0.5,3.4,42,54.1,96.1
02M006,2009,374,0.3,3.2,42.5,54,96.5
02M006,2010,339,0.6,9.1,35.7,54.6,90.3
02M006,2011,366,0.5,6,36.1,57.4,93.4
02M011,2006,243,7.8,14.8,55.1,22.2,77.4
02M011,2007,222,5.9,14,54.5,25.7,80.2
02M011,2008,211,4.7,9.5,60.2,25.6,85.8
02M011,2009,211,0.9,5.2,51.7,42.2,93.8
02M011,2010,228,2.2,11.4,32.5,53.9,86.4
02M011,2011,256,2.3,14.5,41.4,41.8,83.2
02M033,2006,126,4,15.1,56.3,24.6,81
02M033,2007,119,5,12.6,55.5,26.9,82.4
02M033,2008,139,0.7,2.9,63.3,33.1,96.4
02M033,2009,143,0,2.1,44.1,53.8,97.9
02M033,2010,129,0,20.2,51.9,27.9,79.8
02M033,2011,138,0.7,26.8,49.3,23.2,72.5
02M040,2006,241,1.7,6.6,60.2,31.5,91.7
02M040,2007,235,2.1,3.8,48.1,46,94
02M040,2008,237,0,2.5,48.9,48.5,97.5
02M040,2009,234,0,0.9,47.9,51.3,99.1
02M040,2010,240,0,12.5,33.3,54.2,87.5
02M040,2011,247,1.6,10.1,44.1,44.1,88.3
02M041,2006,310,1.6,4.2,54.5,39.7,94.2
02M041,2007,309,0.3,5.5,54.4,39.8,94.2
02M041,2008,311,0.6,3.2,49.8,46.3,96.1
02M041,2009,321,0,1.9,45.5,52.6,98.1
02M041,2010,338,0.9,10.4,38.5,50.3,88.8
02M041,2011,333,0.9,11.1,38.4,49.5,88
02M042,2006,312,2.2,5.1,47.4,45.2,92.6
02M042,2007,296,1,6.8,41.6,50.7,92.2
02M042,2008,311,0.3,0.6,39.2,59.8,99
02M042,2009,341,0,0.6,39.3,60.1,99.4
02M042,2010,373,1.9,10.2,33.8,54.2,87.9
02M042,2011,363,0.6,10.5,41.6,47.4,89
02M051,2006,129,0.8,16.3,62.8,20.2,82.9
02M051,2007,132,1.5,9.1,63.6,25.8,89.4
02M051,2008,120,0.8,3.3,62.5,33.3,95.8
02M051,2009,119,0,2.5,62.2,35.3,97.5
02M051,2010,132,4.5,20.5,40.2,34.8,75
02M051,2011,156,2.6,27.6,43.6,26.3,69.9
02M059,2006,163,0.6,6.1,59.5,33.7,93.3
02M059,2007,172,0.6,4.1,44.8,50.6,95.3
02M059,2008,182,0.5,6.6,51.6,41.2,92.9
02M059,2009,193,0,2.1,40.4,57.5,97.9
02M059,2010,204,1,14.2,38.2,46.6,84.8
02M059,2011,216,0.5,9.3,38,52.3,90.3
02M077,2006,173,5.8,0.6,21.4,72.3,93.6
02M077,2007,170,4.1,1.2,15.3,79.4,94.7
02M077,2008,175,4,1.7,9.1,85.1,94.3
02M077,2009,164,1.8,1.8,11.6,84.8,96.3
02M077,2010,169,2.4,3,14.2,80.5,94.7
02M077,2011,175,2.9,3.4,13.1,80.6,93.7
02M089,2006,182,4.9,8.2,47.8,39,86.8
02M089,2007,191,1.6,7.3,43.5,47.6,91.1
02M089,2008,196,1,4.6,46.4,48,94.4
02M089,2009,199,0,2,36.7,61.3,98
02M089,2010,220,0.5,11.4,40.5,47.7,88.2
02M089,2011,244,0.4,9.4,44.3,45.9,90.2
02M104,2006,1138,8.3,20.6,49.2,22,71.2
02M104,2007,1003,6.6,23.5,46.9,23,69.9
02M104,2008,974,3.2,18.1,52.1,26.7,78.7
02M104,2009,925,1.3,12.3,53.1,33.3,86.4
02M104,2010,941,4.6,25.2,35.8,34.4,70.2
02M104,2011,948,3.1,19.8,34.8,42.3,77.1
02M111,2006,373,11.3,35.9,48.3,4.6,52.8
02M111,2007,333,8.4,31.8,50.8,9,59.8
02M111,2008,326,4.9,21.5,63.2,10.4,73.6
02M111,2009,351,4.6,11.4,70.1,14,84
02M111,2010,357,8.7,42,34.5,14.8,49.3
02M111,2011,395,11.6,43.5,34.2,10.6,44.8
02M114,2006,344,1.7,11.3,53.8,33.1,86.9
02M114,2007,347,0.9,4.3,47.6,47.3,94.8
02M114,2008,355,0,0.8,40.6,58.6,99.2
02M114,2009,368,0,0.5,31.8,67.7,99.5
02M114,2010,377,0,0.8,20.2,79,99.2
02M114,2011,422,0,2.1,20.1,77.7,97.9
02M116,2006,366,2.7,7.7,43.4,46.2,89.6
02M116,2007,334,1.5,2.4,37.4,58.7,96.1
02M116,2008,343,0.3,5,37.9,56.9,94.8
02M116,2009,343,0.3,1.2,43.1,55.4,98.5
02M116,2010,354,0.8,12.7,34.7,51.7,86.4
02M116,2011,372,1.6,10.8,43.8,43.8,87.6
02M124,2006,463,0.2,3,38.9,57.9,96.8
02M124,2007,462,0,2.6,38.7,58.7,97.4
02M124,2008,480,0.4,1.3,40.2,58.1,98.3
02M124,2009,466,0,0.9,32.2,67,99.1
02M124,2010,450,1.1,6.7,36.2,56,92.2
02M124,2011,428,0.5,7,38.6,54,92.5
02M126,2006,459,5.4,24.6,54.9,15,69.9
02M126,2007,443,4.3,22.8,47.2,25.7,72.9
02M126,2008,455,3.5,14.1,42.9,39.6,82.4
02M126,2009,487,0.8,4.5,47.8,46.8,94.7
02M126,2010,502,2.8,16.3,32.1,48.8,80.9
02M126,2011,505,2.4,13.9,33.1,50.7,83.8
02M130,2006,523,1.9,5.9,43.4,48.8,92.2
02M130,2007,533,1.1,2.3,41.7,55,96.6
02M130,2008,494,0.2,1.4,40.3,58.1,98.4
02M130,2009,512,0,0.8,31.1,68.2,99.2
02M130,2010,511,1.2,7.2,34.8,56.8,91.6
02M130,2011,502,1.8,8.4,33.1,56.8,89.8
02M131,2006,870,8,22.2,53.8,16,69.8
02M131,2007,821,5,22.9,54.4,17.7,72.1
02M131,2008,763,2.9,15.6,58.1,23.5,81.5
02M131,2009,721,0.8,11.5,59.8,27.9,87.7
02M131,2010,796,3.9,28.5,40.5,27.1,67.6
02M131,2011,662,6.6,26.3,38.1,29,67.1
02M150,2006,73,0,4.1,45.2,50.7,95.9
02M150,2007,73,0,2.7,58.9,38.4,97.3
02M150,2008,71,0,2.8,42.3,54.9,97.2
02M150,2009,77,0,0,48.1,51.9,100
02M150,2010,74,1.4,9.5,44.6,44.6,89.2
02M150,2011,77,0,10.4,59.7,29.9,89.6
02M158,2006,289,1,9.7,49.5,39.8,89.3
02M158,2007,277,1.8,5.1,45.8,47.3,93.1
02M158,2008,286,0,2.8,37.8,59.4,97.2
02M158,2009,322,0,1.9,33.9,64.3,98.1
02M158,2010,320,0.6,5,27.2,67.2,94.4
02M158,2011,319,1.6,6.9,34.5,57.1,91.5
02M167,2006,1322,8.9,21.7,47.8,21.6,69.4
02M167,2007,1253,5.7,20.1,50,24.2,74.1
02M167,2008,1189,2.9,14.9,50.2,32,82.3
02M167,2009,1180,1.4,9.2,54,35.5,89.5
02M167,2010,1163,4.1,20.4,35.9,39.6,75.5
02M167,2011,1162,3.1,18.3,34.3,44.2,78.6
02M183,2006,242,2.9,8.3,58.3,30.6,88.8
02M183,2007,239,2.5,7.5,49,41,90
02M183,2008,232,0.4,4.7,49.1,45.7,94.8
02M183,2009,245,0,3.3,46.1,50.6,96.7
02M183,2010,274,1.8,16.8,36.1,45.3,81.4
02M183,2011,282,2.8,12.4,37.2,47.5,84.8
02M198,2006,210,9.5,23.8,53.3,13.3,66.7
02M198,2007,200,2,22.5,58,17.5,75.5
02M198,2008,214,1.4,14,62.6,22,84.6
02M198,2009,222,2.7,10.8,61.3,25.2,86.5
02M198,2010,210,8.6,33.3,37.1,21,58.1
02M198,2011,218,3.2,26.6,50.5,19.7,70.2
02M212,2006,178,9.6,7.9,46.1,36.5,82.6
02M212,2007,160,3.8,10,60,26.3,86.3
02M212,2008,164,0.6,3.7,67.7,28,95.7
02M212,2009,155,0,0,43.9,56.1,100
02M212,2010,162,1.2,12.3,37.7,48.8,86.4
02M212,2011,165,0.6,12.1,29.7,57.6,87.3
02M217,2006,284,11.6,27.8,43,17.6,60.6
02M217,2007,259,7.3,17,45.9,29.7,75.7
02M217,2008,252,6,9.9,58.7,25.4,84.1
02M217,2009,269,3.7,7.4,63.9,24.9,88.8
02M217,2010,242,5.4,28.5,34.7,31.4,66.1
02M217,2011,220,5,25.9,43.6,25.5,69.1
02M225,2006,143,11.2,51.7,35.7,1.4,37.1
02M225,2007,110,5.5,49.1,42.7,2.7,45.5
02M225,2008,115,2.6,39.1,53,5.2,58.3
02M225,2009,116,2.6,22.4,69.8,5.2,75
02M225,2010,134,4.5,41,44.8,9.7,54.5
02M225,2011,135,1.5,34.1,49.6,14.8,64.4
02M234,2006,303,0,4,48.8,47.2,96
02M234,2007,310,0.3,2.3,53.5,43.9,97.4
02M234,2008,334,0,1.2,50,48.8,98.8
02M234,2009,342,0,0.6,38.3,61.1,99.4
02M234,2010,358,0,8.9,39.7,51.4,91.1
02M234,2011,385,0.5,8.3,40.5,50.6,91.2
02M255,2006,329,2.4,5.2,57.4,35,92.4
02M255,2007,353,1.7,4.2,57.5,36.5,94.1
02M255,2008,377,1.1,2.9,46.4,49.6,96
02M255,2009,401,0.7,2.2,45.9,51.1,97
02M255,2010,396,3.3,9.8,44.9,41.9,86.9
02M255,2011,371,1.1,5.1,22.9,70.9,93.8
02M260,2006,231,4.8,15.2,57.6,22.5,80.1
02M260,2007,233,1.7,9,54.5,34.8,89.3
02M260,2008,223,1.3,3.1,43,52.5,95.5
02M260,2009,252,0.4,2.4,47.6,49.6,97.2
02M260,2010,246,2.8,13.4,32.5,51.2,83.7
02M260,2011,252,0.8,11.9,35.3,52,87.3
02M276,2011,60,1.7,13.3,30,55,85
02M289,2006,290,3.4,9.7,62.8,24.1,86.9
02M289,2007,285,4.6,9.8,59.3,26.3,85.6
02M289,2008,281,1.1,6,64.4,28.5,92.9
02M289,2009,286,0,8,54.9,37.1,92
02M289,2010,291,3.4,14.4,40.2,41.9,82.1
02M289,2011,265,0.4,12.1,39.2,48.3,87.5
02M290,2006,323,1.2,6.2,55.7,36.8,92.6
02M290,2007,311,0.6,2.9,45.3,51.1,96.5
02M290,2008,330,0.6,1.8,42.4,55.2,97.6
02M290,2009,319,0,1.3,45.5,53.3,98.7
02M290,2010,285,0,9.8,38.2,51.9,90.2
02M290,2011,282,0.4,6.7,37.6,55.3,92.9
02M312,2006,570,0.5,4.9,42.8,51.8,94.6
02M312,2007,563,0.2,3.6,30,66.3,96.3
02M312,2008,529,0.2,1.7,24.8,73.3,98.1
02M312,2009,537,0.2,0.9,22.7,76.2,98.9
02M312,2010,537,0.4,4.1,20.5,75,95.5
02M312,2011,546,0.4,2,13.7,83.9,97.6
02M347,2006,56,50,21.4,26.8,1.8,28.6
02M347,2007,40,15,45,37.5,2.5,40
02M347,2008,42,14.3,23.8,59.5,2.4,61.9
02M347,2009,44,2.3,29.5,61.4,6.8,68.2
02M347,2010,52,21.2,53.8,17.3,7.7,25
02M347,2011,52,11.5,38.5,34.6,15.4,50
02M407,2006,170,12.4,40.6,46.5,0.6,47.1
02M407,2007,151,5.3,38.4,54.3,2,56.3
02M407,2008,156,1.9,24.4,61.5,12.2,73.7
02M407,2009,180,0.6,11.7,70,17.8,87.8
02M407,2010,219,3.7,37,45.7,13.7,59.4
02M407,2011,219,0.5,25.1,48.9,25.6,74.4
02M408,2006,76,1.3,34.2,52.6,11.8,64.5
02M408,2007,74,1.4,14.9,71.6,12.2,83.8
02M408,2008,75,0,5.3,62.7,32,94.7
02M408,2009,71,0,5.6,60.6,33.8,94.4
02M408,2010,80,0,5,51.3,43.8,95
02M408,2011,80,0,8.8,42.5,48.8,91.3
02M413,2006,284,4.6,33.5,55.3,6.7,62
02M413,2007,279,1.1,22.6,62,14.3,76.3
02M413,2008,265,0.4,10.2,68.7,20.8,89.4
02M413,2009,272,0.4,5.1,58.1,36.4,94.5
02M413,2010,276,0.4,16.7,46,37,83
02M413,2011,271,0.7,9.2,43.9,46.1,90
02M422,2010,63,7.9,42.9,41.3,7.9,49.2
02M422,2011,118,6.8,23.7,39.8,29.7,69.5
02M442,2006,144,0.7,15.3,64.6,19.4,84
02M442,2007,142,0.7,4.9,62,32.4,94.4
02M442,2008,144,0,2.1,55.6,42.4,97.9
02M442,2009,137,0,0.7,45.3,54,99.3
02M442,2010,140,0.7,15,42.9,41.4,84.3
02M442,2011,140,0.7,12.1,45.7,41.4,87.1
02M655,2006,107,11.2,36.4,50.5,1.9,52.3
02M655,2007,150,2,31.3,65.3,1.3,66.7
02M655,2008,134,3,29.1,59.7,8.2,67.9
02M655,2009,126,1.6,19.8,69.8,8.7,78.6
02M655,2010,114,15.8,57,24.6,2.6,27.2
02M655,2011,95,11.6,53.7,30.5,4.2,34.7
02M896,2006,190,10.5,37.4,48.4,3.7,52.1
02M896,2007,193,4.7,29.5,59.1,6.7,65.8
02M896,2008,190,1.6,18.4,71.1,8.9,80
02M896,2009,189,0.5,13.2,73,13.2,86.2
02M896,2010,183,3.3,48.1,37.2,11.5,48.6
02M896,2011,215,4.2,40,36.3,19.5,55.8
03M009,2006,187,2.1,7.5,47.1,43.3,90.4
03M009,2007,198,0,3.5,41.9,54.5,96.5
03M009,2008,212,0,0.9,35.4,63.7,99.1
03M009,2009,211,0.5,0,33.2,66.4,99.5
03M009,2010,223,0,12.6,30,57.4,87.4
03M009,2011,242,0,5,28.5,66.5,95
03M044,2006,467,27.2,46.3,25.3,1.3,26.6
03M044,2007,441,18.8,52.8,27.2,1.1,28.3
03M044,2008,361,16.6,45.7,35.2,2.5,37.7
03M044,2009,250,4.8,34.8,57.2,3.2,60.4
03M044,2010,135,14.1,41.5,31.9,12.6,44.4
03M044,2011,59,5.1,44.1,44.1,6.8,50.8
03M054,2006,1003,17.2,20.9,31.1,30.7,61.8
03M054,2007,898,10,17.4,31.1,41.5,72.6
03M054,2008,807,6.2,12.9,35.7,45.2,80.9
03M054,2009,765,2,9.3,34.4,54.4,88.8
03M054,2010,784,4.7,14.2,26.9,54.2,81.1
03M054,2011,817,4.2,11.4,20.3,64.1,84.5
03M075,2006,463,6.3,14.3,51.8,27.6,79.5
03M075,2007,437,3,16,58.8,22.2,81
03M075,2008,410,1.7,9.8,64.1,24.4,88.5
03M075,2009,408,1.2,11.8,62.3,24.8,87
03M075,2010,398,5.3,42,33.7,19.1,52.8
03M075,2011,349,5.2,37.5,37.2,20.1,57.3
03M076,2006,177,22,30.5,40.1,7.3,47.5
03M076,2007,176,9.1,30.1,54,6.8,60.8
03M076,2008,169,8.3,28.4,59.2,4.1,63.3
03M076,2009,137,2.9,17.5,70.1,9.5,79.6
03M076,2010,199,18.6,54.3,20.6,6.5,27.1
03M076,2011,249,9.6,43.4,37.8,9.2,47
03M084,2006,240,10,26.7,51.7,11.7,63.3
03M084,2007,206,3.4,25.7,58.3,12.6,70.9
03M084,2008,165,3.6,18.8,66.7,10.9,77.6
03M084,2009,162,1.9,12.3,75.3,10.5,85.8
03M084,2010,162,8,49.4,35.2,7.4,42.6
03M084,2011,175,3.4,45.1,43.4,8,51.4
03M087,2006,455,3.3,11.2,51.4,34.1,85.5
03M087,2007,395,1.3,7.1,56.2,35.4,91.6
03M087,2008,395,0.3,4.3,54.9,40.5,95.4
03M087,2009,389,0,3.1,48.1,48.8,96.9
03M087,2010,407,1,18.2,37.8,43,80.8
03M087,2011,432,0.7,12.5,46.5,40.3,86.8
03M145,2006,305,15.7,28.5,44.9,10.8,55.7
03M145,2007,237,9.7,24.5,49.4,16.5,65.8
03M145,2008,213,5.6,17.8,65.3,11.3,76.5
03M145,2009,198,5.1,12.6,67.7,14.6,82.3
03M145,2010,208,12,43.3,30.3,14.4,44.7
03M145,2011,198,12.1,42.4,36.9,8.6,45.5
03M149,2006,339,24.8,40.7,30.4,4.1,34.5
03M149,2007,286,19.9,35.3,39.9,4.9,44.8
03M149,2008,270,9.6,37,49.6,3.7,53.3
03M149,2009,239,3.8,20.9,63.6,11.7,75.3
03M149,2010,225,10.2,57.8,22.2,9.8,32
03M149,2011,201,18.9,50.7,29.4,1,30.3
03M163,2006,279,8.2,19.7,50.9,21.1,72
03M163,2007,254,5.1,18.5,47.2,29.1,76.4
03M163,2008,290,1.7,7.2,54.5,36.6,91
03M163,2009,297,1.7,2,47.8,48.5,96.3
03M163,2010,301,3,22.3,33.6,41.2,74.8
03M163,2011,278,2.2,26.3,41.4,30.2,71.6
03M165,2006,298,16.4,21.5,51,11.1,62.1
03M165,2007,274,5.1,19.3,58.8,16.8,75.5
03M165,2008,245,8.2,16.3,60,15.5,75.5
03M165,2009,321,2.8,19.6,60.1,17.4,77.6
03M165,2010,368,12.5,46.5,27.7,13.3,41
03M165,2011,447,8.9,41.4,35.3,14.3,49.7
03M166,2006,256,7,13.3,39.1,40.6,79.7
03M166,2007,272,2.2,9.9,45.2,42.6,87.9
03M166,2008,264,0.8,7.2,43.6,48.5,92
03M166,2009,262,0.4,6.1,42.4,51.1,93.5
03M166,2010,261,8.4,24.1,28,39.5,67.4
03M166,2011,279,3.6,23.7,32.6,40.1,72.8
03M180,2006,174,9.8,20.1,58,12.1,70.1
03M180,2007,202,3.5,15.8,54.5,26.2,80.7
03M180,2008,246,0.8,13.4,68.7,17.1,85.8
03M180,2009,276,1.1,5.1,60.9,33,93.8
03M180,2010,284,4.6,37.7,39.8,18,57.7
03M180,2011,303,5,35.3,43.9,15.8,59.7
03M191,2006,332,12.3,40.1,40.1,7.5,47.6
03M191,2007,324,4.9,25.9,59.6,9.6,69.1
03M191,2008,324,4.3,24.4,62,9.3,71.3
03M191,2009,322,2.5,20.2,64.9,12.4,77.3
03M191,2010,302,12.6,47.4,29.8,10.3,40.1
03M191,2011,302,6,44,39.1,10.9,50
03M199,2006,329,1.8,7,40.1,51.1,91.2
03M199,2007,310,0.6,3.2,33.9,62.3,96.1
03M199,2008,325,0.3,2.5,36.6,60.6,97.2
03M199,2009,337,0.3,0,41.5,58.2,99.7
03M199,2010,262,1.1,11.1,38.2,49.6,87.8
03M199,2011,303,0.7,7.6,37.3,54.5,91.7
03M208,2006,279,22.6,33,40.5,3.9,44.4
03M208,2007,244,13.1,27,52.5,7.4,59.8
03M208,2008,218,10.1,23.9,55.5,10.6,66.1
03M208,2009,199,9,16.1,60.8,14.1,74.9
03M208,2010,194,19.1,47.4,22.7,10.8,33.5
03M208,2011,201,13.9,54.2,29.4,2.5,31.8
03M241,2006,344,31.4,40.4,27.3,0.9,28.2
03M241,2007,258,15.5,39.9,40.3,4.3,44.6
03M241,2008,213,16.9,35.7,45.1,2.3,47.4
03M241,2009,197,8.1,23.9,59.9,8.1,68
03M241,2010,163,25.8,47.9,22.7,3.7,26.4
03M241,2011,94,14.9,48.9,30.9,5.3,36.2
03M242,2006,160,16.9,25.6,52.5,5,57.5
03M242,2007,140,16.4,28.6,52.1,2.9,55
03M242,2008,150,7.3,29.3,58,5.3,63.3
03M242,2009,117,2.6,19.7,65.8,12,77.8
03M242,2010,122,14.8,48.4,27.9,9,36.9
03M242,2011,102,6.9,45.1,40.2,7.8,48
03M243,2006,193,2.6,10.9,56.5,30.1,86.5
03M243,2007,190,0,6.8,61.6,31.6,93.2
03M243,2008,190,0,0.5,42.6,56.8,99.5
03M243,2009,206,0.5,0.5,48.1,51,99
03M243,2010,203,0,10.8,50.7,38.4,89.2
03M243,2011,209,0.5,7.7,37.8,54.1,91.9
03M245,2006,289,3.5,26,63.3,7.3,70.6
03M245,2007,300,4,17,66.3,12.7,79
03M245,2008,324,3.1,12.7,68.5,15.7,84.3
03M245,2009,353,1.4,9.3,64,25.2,89.2
03M245,2010,386,2.8,30.3,46.9,19.9,66.8
03M245,2011,383,2.3,14.9,48.8,33.9,82.8
03M247,2006,167,16.2,46.7,36.5,0.6,37.1
03M247,2007,152,6.6,38.8,50.7,3.9,54.6
03M247,2008,170,1.8,31.2,61.8,5.3,67.1
03M247,2009,181,0,9.4,72.4,18.2,90.6
03M247,2010,174,2.3,32.2,49.4,16.1,65.5
03M247,2011,177,1.1,26.6,58.8,13.6,72.3
03M250,2006,197,9.6,48.2,41.1,1,42.1
03M250,2007,182,3.3,39.6,53.8,3.3,57.1
03M250,2008,180,2.2,29.4,63.3,5,68.3
03M250,2009,172,0.6,19.2,77.3,2.9,80.2
03M250,2010,160,3.1,49.4,43.8,3.8,47.5
03M250,2011,162,8.6,45.7,41.4,4.3,45.7
03M256,2006,174,24.1,62.6,12.6,0.6,13.2
03M256,2007,159,10.1,45.9,42.1,1.9,44
03M256,2008,160,7.5,38.8,51.9,1.9,53.8
03M256,2009,158,3.8,25.9,67.1,3.2,70.3
03M256,2010,166,33.7,51.2,11.4,3.6,15.1
03M256,2011,152,27,44.1,24.3,4.6,28.9
03M258,2006,216,13.4,54.2,31.9,0.5,32.4
03M258,2007,205,3.4,32.2,59.5,4.9,64.4
03M258,2008,200,0,15.5,74.5,10,84.5
03M258,2009,216,0.5,7.4,77.3,14.8,92.1
03M258,2010,211,0.9,44.1,35.1,19.9,55
03M258,2011,200,2,34.5,51,12.5,63.5
03M333,2006,331,2.7,22.7,55,19.6,74.6
03M333,2007,360,1.9,13.9,56.9,27.2,84.2
03M333,2008,415,0.7,11.8,66,21.4,87.5
03M333,2009,425,0.9,9.4,67.5,22.1,89.6
03M333,2010,411,2.9,32.6,38.4,26,64.5
03M333,2011,391,1.5,24.8,45.5,28.1,73.7
03M334,2006,342,0,1.5,19.6,78.9,98.5
03M334,2007,338,0,0,15.7,84.3,100
03M334,2008,350,0,0.3,16.9,82.9,99.7
03M334,2009,353,0,0,8.2,91.8,100
03M334,2010,354,0,0.8,12.4,86.7,99.2
03M334,2011,357,0,0.6,6.4,93,99.4
03M415,2006,202,19.3,53.5,26.7,0.5,27.2
03M415,2007,146,13,39,41.8,6.2,47.9
03M415,2008,94,5.3,30.9,50,13.8,63.8
03M415,2009,70,7.1,14.3,67.1,11.4,78.6
03M415,2010,57,5.3,40.4,36.8,17.5,54.4
03M415,2011,59,22,50.8,20.3,6.8,27.1
03M421,2010,57,28.1,64.9,7,0,7
03M421,2011,99,17.2,62.6,19.2,1,20.2
03M859,2010,88,0,2.3,17,80.7,97.7
03M859,2011,85,0,0,16.5,83.5,100
03M860,2006,181,8.3,30.9,55.2,5.5,60.8
03M860,2007,174,9.8,30.5,54,5.7,59.8
03M860,2008,169,7.7,39.6,44.4,8.3,52.7
03M860,2009,134,6,26.9,62.7,4.5,67.2
03M860,2010,126,25.4,54,19,1.6,20.6
03M860,2011,109,32.1,52.3,14.7,0.9,15.6
03M862,2006,327,1.8,11.9,69.4,16.8,86.2
03M862,2007,307,1,8.5,64.8,25.7,90.6
03M862,2008,276,0.7,5.8,55.4,38,93.5
03M862,2009,270,0.7,4.8,53,41.5,94.4
03M862,2010,276,1.8,15.6,39.9,42.8,82.6
03M862,2011,274,2.2,9.5,39.4,48.9,88.3
04M007,2006,291,11.3,28.5,49.1,11,60.1
04M007,2007,278,11.5,34.5,44.2,9.7,54
04M007,2008,282,8.5,22.7,59.9,8.9,68.8
04M007,2009,277,4.3,20.2,59.2,16.2,75.5
04M007,2010,266,13.2,41,28.9,16.9,45.9
04M007,2011,251,8.4,44.6,37.1,10,47
04M012,2006,320,1.6,19.1,56.3,23.1,79.4
04M012,2007,317,0,7.9,55.8,36.3,92.1
04M012,2008,318,0,3.1,55.7,41.2,96.9
04M012,2009,322,0.3,0.3,46.9,52.5,99.4
04M012,2010,306,0.3,8.8,40.2,50.7,90.8
04M012,2011,319,0,6,41.4,52.7,94
04M013,2006,333,52,42.9,5.1,0,5.1
04M013,2007,426,34.7,50.2,13.8,1.2,15
04M013,2008,321,18.7,51.4,27.1,2.8,29.9
04M013,2009,270,6.3,43,48.9,1.9,50.7
04M013,2010,274,33.6,49.3,13.9,3.3,17.2
04M013,2011,236,25.4,61,13.1,0.4,13.6
04M037,2006,108,15.7,34.3,49.1,0.9,50
04M037,2007,52,5.8,26.9,61.5,5.8,67.3
04M037,2008,51,3.9,19.6,74.5,2,76.5
04M037,2009,57,1.8,15.8,75.4,7,82.5
04M037,2010,80,3.8,45,45,6.3,51.3
04M037,2011,92,2.2,42.4,48.9,6.5,55.4
04M038,2006,238,21.4,38.7,35.7,4.2,39.9
04M038,2007,161,8.7,29.8,54,7.5,61.5
04M038,2008,156,4.5,24.4,60.9,10.3,71.2
04M038,2009,163,1.2,13.5,66.9,18.4,85.3
04M038,2010,150,12.7,52.7,26.7,8,34.7
04M038,2011,140,12.1,50.7,34.3,2.9,37.1
04M045,2006,585,37.1,46.5,16.2,0.2,16.4
04M045,2007,590,27.6,50.2,21.9,0.3,22.2
04M045,2008,412,15.3,41.5,38.6,4.6,43.2
04M045,2009,362,10.2,40.1,44.5,5.2,49.7
04M045,2010,316,22.5,61.4,13.3,2.8,16.1
04M045,2011,293,27.3,53.2,18.1,1.4,19.5
04M050,2006,290,20.3,41,36.9,1.7,38.6
04M050,2007,330,19.4,37.3,40,3.3,43.3
04M050,2008,344,9.6,36.6,49.7,4.1,53.8
04M050,2009,343,5,27.4,59.5,8.2,67.6
04M050,2010,322,12.1,59,24.2,4.7,28.9
04M050,2011,269,16.4,52,28.3,3.3,31.6
04M057,2006,416,9.1,32.7,47.8,10.3,58.2
04M057,2007,375,4,25.9,56,14.1,70.1
04M057,2008,373,1.6,15.3,61.7,21.4,83.1
04M057,2009,407,0,9.1,61.9,29,90.9
04M057,2010,414,3.9,29.7,46.1,20.3,66.4
04M057,2011,427,2.8,28.3,49.4,19.4,68.9
04M072,2006,385,11.9,17.7,53,17.4,70.4
04M072,2007,269,11.2,17.1,54.6,17.1,71.7
04M072,2008,258,7,16.3,59.7,17.1,76.7
04M072,2009,255,2,9,60.8,28.2,89
04M072,2010,252,5.2,41.7,38.1,15.1,53.2
04M072,2011,266,10.9,44.7,36.8,7.5,44.4
04M083,2006,235,6.4,21.7,51.5,20.4,71.9
04M083,2007,182,2.2,8.2,51.1,38.5,89.6
04M083,2008,194,1,6.7,51.5,40.7,92.3
04M083,2009,211,0,3.8,42.7,53.6,96.2
04M083,2010,189,0,14.8,40.2,45,85.2
04M083,2011,181,0,19.3,44.8,35.9,80.7
04M096,2006,395,8.9,32.9,51.1,7.1,58.2
04M096,2007,399,6.8,27.6,58.4,7.3,65.7
04M096,2008,414,2.4,27.8,61.1,8.7,69.8
04M096,2009,378,1.3,18,68.3,12.4,80.7
04M096,2010,349,17.5,51.9,27.5,3.2,30.7
04M096,2011,323,17.6,42.1,35,5.3,40.2
04M102,2006,175,20.6,30.9,40,8.6,48.6
04M102,2007,130,11.5,17.7,57.7,13.1,70.8
04M102,2008,123,4.1,17.1,67.5,11.4,78.9
04M102,2009,124,4,12.1,64.5,19.4,83.9
04M102,2010,123,4.1,38.2,40.7,17.1,57.7
04M102,2011,128,6.3,36.7,51.6,5.5,57
04M108,2006,462,7.4,20.8,58.9,13,71.9
04M108,2007,449,2,17.6,59.5,20.9,80.4
04M108,2008,517,1.9,12.6,66.2,19.3,85.5
04M108,2009,500,0.2,7.2,66.4,26.2,92.6
04M108,2010,490,3.9,36.5,37.1,22.4,59.6
04M108,2011,484,2.5,28.9,49,19.6,68.6
04M146,2006,282,15.2,35.8,41.1,7.8,48.9
04M146,2007,195,12.3,27.2,50.3,10.3,60.5
04M146,2008,190,7.4,23.7,63.2,5.8,68.9
04M146,2009,187,2.7,24.1,59.9,13.4,73.3
04M146,2010,199,30.2,50.3,18.1,1.5,19.6
04M146,2011,191,13.1,51.8,29.3,5.8,35.1
04M155,2006,284,20.1,29.9,44,6,50
04M155,2007,189,5.3,20.6,56.6,17.5,74.1
04M155,2008,174,2.3,11.5,67.2,19,86.2
04M155,2009,180,2.2,11.1,72.2,14.4,86.7
04M155,2010,157,14.6,42.7,33.1,9.6,42.7
04M155,2011,155,15.5,49,32.9,2.6,35.5
04M171,2006,324,4.9,19.4,59.3,16.4,75.6
04M171,2007,344,2.9,17.4,58.4,21.2,79.7
04M171,2008,395,1.5,13.2,63.3,22,85.3
04M171,2009,404,0,6.7,61.1,32.2,93.3
04M171,2010,397,3.5,24.9,44.1,27.5,71.5
04M171,2011,425,2.8,26.1,48.5,22.6,71.1
04M182,2006,295,0.3,8.8,61.4,29.5,90.8
04M182,2007,217,1.8,7.8,54.8,35.5,90.3
04M182,2008,220,0,2.7,57.7,39.5,97.3
04M182,2009,220,1.4,0.9,46.8,50.9,97.7
04M182,2010,234,2.6,25.2,44,28.2,72.2
04M182,2011,204,2.9,32.8,49.5,14.7,64.2
04M206,2006,406,14,27.8,49,9.1,58.1
04M206,2007,285,7.7,28.4,50.2,13.7,63.9
04M206,2008,247,6.1,22.7,59.1,12.1,71.3
04M206,2009,239,2.1,13.4,62.3,22.2,84.5
04M206,2010,210,6.7,47.6,37.1,8.6,45.7
04M206,2011,228,5.3,38.2,47.4,9.2,56.6
04M224,2006,255,5.9,20.4,64.7,9,73.7
04M224,2007,259,6.2,10.4,67.2,16.2,83.4
04M224,2008,257,3.9,7,67.3,21.8,89.1
04M224,2009,255,2,5.1,60.4,32.5,92.9
04M224,2010,245,3.3,23.7,42.9,30.2,73.1
04M224,2011,238,3.4,16,50,30.7,80.7
04M372,2009,84,11.9,46.4,41.7,0,41.7
04M372,2010,156,19.9,59,17.3,3.8,21.2
04M372,2011,226,10.6,56.6,26.1,6.6,32.7
04M375,2009,167,10.2,28.7,59.3,1.8,61.1
04M375,2010,135,23,53.3,23,0.7,23.7
04M375,2011,135,14.8,63.7,20.7,0.7,21.5
04M377,2009,57,8.8,43.9,42.1,5.3,47.4
04M377,2010,109,11.9,55,27.5,5.5,33
04M377,2011,177,23.7,54.2,20.3,1.7,22
04M381,2009,76,13.2,42.1,39.5,5.3,44.7
04M381,2010,129,24.8,55,18.6,1.6,20.2
04M381,2011,178,26.4,58.4,14,1.1,15.2
04M406,2010,54,9.3,44.4,33.3,13,46.3
04M406,2011,112,4.5,35.7,45.5,14.3,59.8
04M497,2006,95,24.2,44.2,30.5,1.1,31.6
04M497,2007,68,10.3,42.6,42.6,4.4,47.1
04M497,2008,64,4.7,28.1,56.3,10.9,67.2
04M497,2009,63,0,12.7,63.5,23.8,87.3
04M497,2010,68,8.8,33.8,44.1,13.2,57.4
04M497,2011,70,1.4,37.1,38.6,22.9,61.4
04M610,2006,148,2.7,35.8,59.5,2,61.5
04M610,2007,152,0.7,25.7,63.2,10.5,73.7
04M610,2008,141,1.4,11.3,70.2,17,87.2
04M610,2009,143,0,10.5,74.1,15.4,89.5
04M610,2010,152,2.6,30.9,44.1,22.4,66.4
04M610,2011,151,0.7,17.2,50.3,31.8,82.1
04M825,2006,434,17.5,49.1,32.7,0.7,33.4
04M825,2007,428,13.6,40.9,41.4,4.2,45.6
04M825,2008,350,3.1,28,60.6,8.3,68.9
04M825,2009,321,0.6,15.6,73.5,10.3,83.8
04M825,2010,337,4.5,49.6,38,8,46
04M825,2011,343,6.7,47.2,39.1,7,46.1
04M964,2006,115,40.9,30.4,23.5,5.2,28.7
04M964,2007,76,13.2,23.7,56.6,6.6,63.2
04M964,2008,79,13.9,26.6,48.1,11.4,59.5
04M964,2009,81,8.6,21,50.6,19.8,70.4
04M964,2010,77,9.1,37.7,39,14.3,53.2
04M964,2011,72,6.9,19.4,50,23.6,73.6
05M030,2006,226,20.8,32.3,42,4.9,46.9
05M030,2007,198,7.6,19.7,57.1,15.7,72.7
05M030,2008,178,6.7,18,60.7,14.6,75.3
05M030,2009,177,1.7,19.8,61,17.5,78.5
05M030,2010,124,8.9,49.2,27.4,14.5,41.9
05M030,2011,114,17.5,57,21.1,4.4,25.4
05M036,2010,102,12.7,46.1,31.4,9.8,41.2
05M036,2011,206,13.1,38.3,40.3,8.3,48.5
05M046,2006,528,19.3,33,40.7,7,47.7
05M046,2007,448,7.1,23.4,54.2,15.2,69.4
05M046,2008,438,5.5,19.6,65.5,9.4,74.9
05M046,2009,384,2.3,15.1,62,20.6,82.6
05M046,2010,383,12.5,42.6,32.6,12.3,44.9
05M046,2011,401,17.2,45.6,27.4,9.7,37.2
05M092,2006,236,26.3,28,36.9,8.9,45.8
05M092,2007,181,13.3,20.4,46.4,19.9,66.3
05M092,2008,159,5,17.6,66.7,10.7,77.4
05M092,2009,148,2.7,18.2,59.5,19.6,79.1
05M092,2010,134,17.2,42.5,29.1,11.2,40.3
05M092,2011,145,13.1,43.4,33.8,9.7,43.4
05M123,2006,395,16.7,33.9,44.1,5.3,49.4
05M123,2007,331,9.1,32.6,51.1,7.3,58.3
05M123,2008,290,7.2,24.8,63.1,4.8,67.9
05M123,2009,248,2.4,19.4,65.3,12.9,78.2
05M123,2010,309,19.7,53.4,21.7,5.2,26.9
05M123,2011,360,29.2,46.7,20.8,3.3,24.2
05M125,2006,433,25.6,26.8,41.3,6.2,47.6
05M125,2007,392,12.8,32.1,47.4,7.7,55.1
05M125,2008,349,9.2,25.8,51.6,13.5,65
05M125,2009,339,7.1,20.4,54.6,18,72.6
05M125,2010,180,24.4,43.3,23.3,8.9,32.2
05M125,2011,108,14.8,39.8,38.9,6.5,45.4
05M129,2006,262,15.6,33.6,43.9,6.9,50.8
05M129,2007,237,6.8,24.5,59.5,9.3,68.8
05M129,2008,241,7.1,21.2,61,10.8,71.8
05M129,2009,264,6.4,22,61.4,10.2,71.6
05M129,2010,318,11.6,46.2,31.1,11,42.1
05M129,2011,371,14.6,45.3,32.3,7.8,40.2
05M133,2006,228,27.2,30.7,39,3.1,42.1
05M133,2007,171,13.5,31,50.3,5.3,55.6
05M133,2008,173,11,26,55.5,7.5,63
05M133,2009,158,8.9,18.4,62,10.8,72.8
05M133,2010,129,14,51.2,30.2,4.7,34.9
05M133,2011,116,4.3,56.9,32.8,6,38.8
05M154,2006,215,16.3,35.3,43.7,4.7,48.4
05M154,2007,214,9.8,33.2,51.4,5.6,57
05M154,2008,211,6.6,30.8,57.3,5.2,62.6
05M154,2009,180,4.4,17.2,68.9,9.4,78.3
05M154,2010,169,15.4,52.1,24.3,8.3,32.5
05M154,2011,165,21.2,46.1,27.9,4.8,32.7
05M161,2006,544,8.8,26.1,51.7,13.4,65.1
05M161,2007,475,5.9,18.9,58.5,16.6,75.2
05M161,2008,491,5.9,16.7,57,20.4,77.4
05M161,2009,438,4.1,11.4,60.7,23.7,84.5
05M161,2010,518,10.4,45.6,33.2,10.8,44
05M161,2011,588,10.4,45.6,37.1,7,44
05M175,2006,210,15.2,26.7,51,7.1,58.1
05M175,2007,187,5.3,27.3,55.6,11.8,67.4
05M175,2008,189,4.2,18.5,65.6,11.6,77.2
05M175,2009,179,3.9,14.5,61.5,20.1,81.6
05M175,2010,182,9.3,39,36.3,15.4,51.6
05M175,2011,156,9,39.7,41,10.3,51.3
05M194,2006,201,11.4,36.8,40.8,10.9,51.7
05M194,2007,197,20.3,26.4,45.2,8.1,53.3
05M194,2008,164,17.1,34.1,44.5,4.3,48.8
05M194,2009,141,6.4,32.6,51.1,9.9,61
05M194,2010,150,32,47.3,16.7,4,20.7
05M194,2011,152,35.5,46.1,15.8,2.6,18.4
05M195,2006,884,28.4,46.5,24,1.1,25.1
05M195,2007,844,19.4,44.4,32.1,4,36.1
05M195,2008,716,11.6,39,44.1,5.3,49.4
05M195,2009,605,5.8,32.2,55.7,6.3,62
05M195,2010,523,25.4,57.7,12.8,4,16.8
05M195,2011,366,32.2,49.7,16.9,1.1,18
05M197,2006,359,17.5,37.6,38.7,6.1,44.8
05M197,2007,348,13.8,26.4,49.4,10.3,59.8
05M197,2008,329,8.5,25.8,59.6,6.1,65.7
05M197,2009,284,3.5,10.6,65.8,20.1,85.9
05M197,2010,194,3.6,45.4,37.1,13.9,51
05M197,2011,173,15.6,54.9,27.2,2.3,29.5
05M200,2006,416,24.8,39.9,31.7,3.6,35.3
05M200,2007,428,17.3,29.7,46.7,6.3,53
05M200,2008,381,10,25.5,55.6,8.9,64.6
05M200,2009,359,5.6,27,53.8,13.6,67.4
05M200,2010,261,17.2,45.2,31,6.5,37.5
05M200,2011,228,10.5,39.5,43.4,6.6,50
05M286,2006,297,33,45.5,21.2,0.3,21.5
05M286,2007,244,29.9,55.7,13.9,0.4,14.3
05M286,2008,186,18.8,47.3,32.3,1.6,33.9
05M286,2009,206,1.9,17.5,71.4,9.2,80.6
05M286,2010,246,17.5,59.3,19.1,4.1,23.2
05M286,2011,242,16.5,43.4,32.2,7.9,40.1
05M302,2006,185,3.2,22.2,65.9,8.6,74.6
05M302,2007,282,2.1,19.5,65.2,13.1,78.4
05M302,2008,274,2.6,20.4,64.2,12.8,77
05M302,2009,264,0.8,14.8,73.1,11.4,84.5
05M302,2010,257,6.6,44,38.1,11.3,49.4
05M302,2011,208,2.4,42.3,47.6,7.7,55.3
05M317,2006,206,9.2,44.7,42.7,3.4,46.1
05M317,2007,189,9.5,40.7,44.4,5.3,49.7
05M317,2008,190,10.5,32.6,52.6,4.2,56.8
05M317,2009,191,6.3,40.8,51.3,1.6,52.9
05M317,2010,136,30.9,52.2,14,2.9,16.9
05M317,2011,47,42.6,53.2,4.3,0,4.3
05M318,2008,39,5.1,12.8,71.8,10.3,82.1
05M318,2009,77,3.9,13,66.2,16.9,83.1
05M318,2010,109,6.4,51.4,34.9,7.3,42.2
05M318,2011,112,2.7,36.6,45.5,15.2,60.7
05M344,2007,101,13.9,42.6,43.6,0,43.6
05M344,2008,215,10.2,32.6,53,4.2,57.2
05M344,2009,231,6.5,47.6,45.5,0.4,45.9
05M344,2010,169,34.3,55,8.9,1.8,10.7
05M344,2011,103,22.3,61.2,13.6,2.9,16.5
05M362,2008,90,0,1.1,51.1,47.8,98.9
05M362,2009,181,0,0,26.5,73.5,100
05M362,2010,273,0,2.9,48.7,48.4,97.1
05M362,2011,280,0,2.9,31.1,66.1,97.1
05M367,2008,81,7.4,46.9,45.7,0,45.7
05M367,2009,164,2.4,40.2,54.9,2.4,57.3
05M367,2010,173,13.9,56.6,26,3.5,29.5
05M367,2011,142,21.1,57.7,18.3,2.8,21.1
05M410,2010,65,24.6,50.8,20,4.6,24.6
05M410,2011,113,23,47.8,22.1,7.1,29.2
05M469,2006,241,39.4,49,11.6,0,11.6
05M469,2007,151,31.1,51,17.2,0.7,17.9
05M469,2008,121,13.2,53.7,31.4,1.7,33.1
05M469,2009,154,1.3,31.8,63.6,3.2,66.9
05M469,2010,205,23.9,52.7,19.5,3.9,23.4
05M469,2011,170,11.2,49.4,29.4,10,39.4
05M499,2006,468,9,13.2,64.1,13.7,77.8
05M499,2007,477,4.8,12.4,59.7,23.1,82.8
05M499,2008,441,3.9,12.5,61.7,22,83.7
05M499,2009,444,0.7,9,61.7,28.6,90.3
05M499,2010,466,6.9,30.9,39.3,23,62.2
05M499,2011,394,6.6,29.4,37.8,26.1,64
05M670,2006,176,2.8,44.3,50,2.8,52.8
05M670,2007,173,4,41,51.4,3.5,54.9
05M670,2008,174,5.2,32.8,56.3,5.7,62.1
05M670,2009,180,0,14.4,74.4,11.1,85.6
05M670,2010,177,3.4,49.2,40.1,7.3,47.5
05M670,2011,178,7.9,46.6,39.9,5.6,45.5
06M004,2006,359,27.9,33.7,34.5,3.9,38.4
06M004,2007,363,16.3,32.5,45.5,5.8,51.2
06M004,2008,313,7.3,26.8,61.7,4.2,65.8
06M004,2009,324,5.2,19.4,65.1,10.2,75.3
06M004,2010,299,23.1,42.8,27.4,6.7,34.1
06M004,2011,328,19.5,48.5,26.8,5.2,32
06M005,2006,465,5.4,22.4,58.3,14,72.3
06M005,2007,472,3.2,16.9,68.2,11.7,79.9
06M005,2008,423,3.1,12.8,72.3,11.8,84.2
06M005,2009,389,1.5,9.3,68.1,21.1,89.2
06M005,2010,396,10.9,39.9,38.1,11.1,49.2
06M005,2011,413,16.5,36.1,37.8,9.7,47.5
06M008,2006,324,19.8,32.7,42.6,4.9,47.5
06M008,2007,336,15.8,30.4,49.4,4.5,53.9
06M008,2008,296,12.5,29.7,53.4,4.4,57.8
06M008,2009,303,8.9,16.5,63.7,10.9,74.6
06M008,2010,287,20.9,44.3,27.5,7.3,34.8
06M008,2011,290,14.1,40.7,37.6,7.6,45.2
06M018,2006,337,30,41.5,25.2,3.3,28.5
06M018,2007,314,20.7,38.5,38.2,2.5,40.8
06M018,2008,308,10.1,35.4,51,3.6,54.5
06M018,2009,292,5.1,18.5,63,13.4,76.4
06M018,2010,280,13.9,43.2,33.6,9.3,42.9
06M018,2011,300,11,38,44.7,6.3,51
06M028,2006,581,18.2,29.1,43,9.6,52.7
06M028,2007,585,9.9,22.6,55,12.5,67.5
06M028,2008,446,6.7,12.6,67.5,13.2,80.7
06M028,2009,426,3.1,11.7,63.4,21.8,85.2
06M028,2010,398,11.3,41.7,34.7,12.3,47
06M028,2011,426,13.6,35.7,41.3,9.4,50.7
06M048,2006,324,15.4,26.2,50.3,8,58.3
06M048,2007,309,11,28.5,54.4,6.1,60.5
06M048,2008,279,3.9,22.6,62.7,10.8,73.5
06M048,2009,265,4.9,10.6,66.8,17.7,84.5
06M048,2010,283,9.9,43.1,34.6,12.4,47
06M048,2011,251,7.6,33.1,46.6,12.7,59.4
06M052,2006,1258,30,34.1,32.8,3,35.9
06M052,2007,1088,17.5,36.4,38.1,8.1,46.1
06M052,2008,911,15.4,29.5,39.7,15.4,55.1
06M052,2009,903,7,27.8,52.4,12.8,65.2
06M052,2010,808,17.3,43.9,28.3,10.4,38.7
06M052,2011,695,15.5,44.5,32.9,7.1,40
06M098,2006,247,12.6,20.6,49.8,17,66.8
06M098,2007,222,8.6,23,51.8,16.7,68.5
06M098,2008,240,7.1,17.9,65,10,75
06M098,2009,231,6.1,18.2,56.3,19.5,75.8
06M098,2010,319,18.5,42.6,28.2,10.7,38.9
06M098,2011,290,22.1,41.4,30,6.6,36.6
06M115,2006,637,13.5,31.4,47.9,7.2,55.1
06M115,2007,567,12,25.7,53.4,8.8,62.3
06M115,2008,497,7.2,23.1,63.8,5.8,69.6
06M115,2009,466,6.9,20,60.9,12.2,73.2
06M115,2010,318,17.3,50.9,27.7,4.1,31.8
06M115,2011,324,14.8,48.8,31.8,4.6,36.4
06M128,2006,542,17.7,24.9,47.8,9.6,57.4
06M128,2007,461,10.4,26.5,50.1,13,63.1
06M128,2008,422,9.5,23.2,54.7,12.6,67.3
06M128,2009,392,4.3,16.3,59.2,20.2,79.3
06M128,2010,363,9.9,46.6,32.5,11,43.5
06M128,2011,356,16,45.8,30.9,7.3,38.2
06M132,2006,568,15.7,32.7,46,5.6,51.6
06M132,2007,485,7.4,29.5,55.7,7.4,63.1
06M132,2008,462,8,23.4,58.7,10,68.6
06M132,2009,438,4.3,15.3,63.2,17.1,80.4
06M132,2010,408,15.2,51.5,25.2,8.1,33.3
06M132,2011,391,17.9,49.1,28.4,4.6,33
06M143,2006,1532,21.4,42.8,32.9,2.9,35.8
06M143,2007,1120,17.1,43.4,35.6,3.8,39.5
06M143,2008,811,8.4,39.8,46.7,5.1,51.8
06M143,2009,663,6.2,30.2,55.4,8.3,63.7
06M143,2010,694,21.5,51.7,21.2,5.6,26.8
06M143,2011,629,19.9,45.6,26.2,8.3,34.5
06M152,2006,669,13.6,27.4,49,10,59
06M152,2007,625,5.9,24,58.9,11.2,70.1
06M152,2008,554,5.2,17.7,65.7,11.4,77.1
06M152,2009,509,3.9,14.5,61.9,19.6,81.5
06M152,2010,431,10.4,43.9,30.4,15.3,45.7
06M152,2011,423,11.8,42.8,35,10.4,45.4
06M153,2006,648,19,25.5,44.1,11.4,55.6
06M153,2007,544,8.5,22.4,53.3,15.8,69.1
06M153,2008,464,4.7,12.7,64.7,17.9,82.5
06M153,2009,478,1.9,7.9,67.4,22.8,90.2
06M153,2010,430,4.7,34.4,34.7,26.3,60.9
06M153,2011,448,5.4,35,38.8,20.8,59.6
06M173,2006,479,15.2,29.6,44.7,10.4,55.1
06M173,2007,433,10.2,26.1,51.5,12.2,63.7
06M173,2008,400,7.8,22,56.5,13.8,70.3
06M173,2009,343,4.1,11.4,60.3,24.2,84.5
06M173,2010,314,13.7,34.1,34.7,17.5,52.2
06M173,2011,284,8.8,38.7,35.6,16.9,52.5
06M187,2006,586,10.2,19.3,49.5,21,70.5
06M187,2007,553,5.4,19.7,46.8,28,74.9
06M187,2008,512,2.7,15.8,60,21.5,81.4
06M187,2009,485,1.2,9.1,56.7,33,89.7
06M187,2010,498,6.2,28.3,37.1,28.3,65.5
06M187,2011,497,3.4,23.5,45.5,27.6,73
06M189,2006,619,16.8,26.3,46,10.8,56.9
06M189,2007,572,8.2,24.7,54.4,12.8,67.1
06M189,2008,542,9,20.7,57.9,12.4,70.3
06M189,2009,513,5.1,11.7,62.4,20.9,83.2
06M189,2010,517,12.6,43.5,29,14.9,43.9
06M189,2011,475,8.8,38.9,40.6,11.6,52.2
06M192,2006,359,19.2,37.9,39.8,3.1,42.9
06M192,2007,296,17.2,32.1,46.6,4.1,50.7
06M192,2008,249,9.6,26.5,58.6,5.2,63.9
06M192,2009,219,5,19.2,63,12.8,75.8
06M192,2010,152,15.8,48.7,28.3,7.2,35.5
06M192,2011,145,8.3,47.6,40,4.1,44.1
06M210,2006,122,13.9,35.2,41,9.8,50.8
06M210,2007,139,5,45.3,46,3.6,49.6
06M210,2008,219,4.1,24.7,65.8,5.5,71.2
06M210,2009,236,3.4,17.8,66.9,11.9,78.8
06M210,2010,266,7.9,44,36.8,11.3,48.1
06M210,2011,268,13.4,48.5,30.6,7.5,38.1
06M218,2006,749,33.8,47.5,18.4,0.3,18.7
06M218,2007,578,21.6,44.6,33.2,0.5,33.7
06M218,2008,507,10.3,41.4,46.4,2,48.3
06M218,2009,434,5.5,34.3,54.1,6,60.1
06M218,2010,352,21.3,58.8,17.9,2,19.9
06M218,2011,354,19.5,51.7,26,2.8,28.8
06M223,2006,401,0.5,1.7,46.4,51.4,97.8
06M223,2007,423,1.2,0.7,31.4,66.7,98.1
06M223,2008,428,0.7,0.5,28.7,70.1,98.8
06M223,2009,417,0.2,0.5,25.7,73.6,99.3
06M223,2010,366,0.5,3.3,18.3,77.9,96.2
06M223,2011,376,0,2.1,34.3,63.6,97.9
06M278,2006,360,13.3,43.1,40.3,3.3,43.6
06M278,2007,336,6,28.3,57.1,8.6,65.8
06M278,2008,333,2.1,21.9,63.4,12.6,76
06M278,2009,321,0.6,9,71,19.3,90.3
06M278,2010,324,5.6,34.6,42.9,17,59.9
06M278,2011,345,2.6,23.2,57.4,16.8,74.2
06M293,2006,81,8.6,48.1,39.5,3.7,43.2
06M293,2007,155,7.7,45.2,45.2,1.9,47.1
06M293,2008,238,1.7,17.6,67.2,13.4,80.7
06M293,2009,246,0.4,12.2,69.5,17.9,87.4
06M293,2010,248,2.4,31,37.5,29,66.5
06M293,2011,262,2.7,19.5,41.6,36.3,77.9
06M311,2006,245,9.4,23.7,47.8,19.2,66.9
